0.000000000000000000e+00 1.645945902807338934e-01 3.246994692046834552e-01 4.759473930370735073e-01 6.142127126896678169e-01 7.357239106731315870e-01 8.371664782625285461e-01 9.157733266550573958e-01 9.694002659393303745e-01 9.965844930066698470e-01 9.965844930066698470e-01 9.694002659393303745e-01 9.157733266550575069e-01 8.371664782625286572e-01 7.357239106731316980e-01 6.142127126896679279e-01 4.759473930370736738e-01 3.246994692046840658e-01 1.645945902807340322e-01 1.224646799147353207e-16
0.000000000000000000e+00 9.790842065291505136e-02 1.931461548186226007e-01 2.831153653753261668e-01 3.653619267912667778e-01 4.376423672718017244e-01 4.979850648216677111e-01 5.447440279533770635e-01 5.766437940442162846e-01 5.928142206317112972e-01 5.928142206317112972e-01 5.766437940442162846e-01 5.447440279533770635e-01 4.979850648216678222e-01 4.376423672718017799e-01 3.653619267912668889e-01 2.831153653753262778e-01 1.931461548186229615e-01 9.790842065291513463e-02 7.284761531813231982e-17
0.000000000000000000e+00 5.824042466036157689e-02 1.148922023574445866e-01 1.684100202758351816e-01 2.173340518532588250e-01 2.603297770437152381e-01 2.962243845454993196e-01 3.240387630362207005e-01 3.430142087773257464e-01 3.526331210742924549e-01 3.526331210742924549e-01 3.430142087773257464e-01 3.240387630362207561e-01 2.962243845454993751e-01 2.603297770437152936e-01 2.173340518532588528e-01 1.684100202758352371e-01 1.148922023574448087e-01 5.824042466036162546e-02 4.333310682911489596e-17
0.000000000000000000e+00 3.464407904855999060e-02 6.834315793104914216e-02 1.001780136224954959e-01 1.292802742469115196e-01 1.548561059983946109e-01 1.762078668579817597e-01 1.927531364493098864e-01 2.040406029482264572e-01 2.097623736928700966e-01 2.097623736928700966e-01 2.040406029482264572e-01 1.927531364493099142e-01 1.762078668579817875e-01 1.548561059983946386e-01 1.292802742469115473e-01 1.001780136224955237e-01 6.834315793104926706e-02 3.464407904856001835e-02 2.577652184307116979e-17
0.000000000000000000e+00 2.060788911004863416e-02 4.065364872593267564e-02 5.959048278072612281e-02 7.690184380605633030e-02 9.211552300050246389e-02 1.048165308547417962e-01 1.146584169835671019e-01 1.213727203892663725e-01 1.247762923778148181e-01 1.247762923778148181e-01 1.213727203892663725e-01 1.146584169835671158e-01 1.048165308547418101e-01 9.211552300050247777e-02 7.690184380605634418e-02 5.959048278072614363e-02 4.065364872593275197e-02 2.060788911004865151e-02 1.533305887681944099e-17
0.000000000000000000e+00 1.225851877825320270e-02 2.418265711980915195e-02 3.544715561461896092e-02 4.574474810810021802e-02 5.479454312085093454e-02 6.234968583597819830e-02 6.820409165500047888e-02 7.219806764847183644e-02 7.422266856280872183e-02 7.422266856280872183e-02 7.219806764847183644e-02 6.820409165500049276e-02 6.234968583597820524e-02 5.479454312085094841e-02 4.574474810810022496e-02 3.544715561461896786e-02 2.418265711980919705e-02 1.225851877825321311e-02 9.120807529864930565e-18
0.000000000000000000e+00 7.291929893174382490e-03 1.438495494750551516e-02 2.108559592964757631e-02 2.721107682087513246e-02 3.259431047041241869e-02 3.708845629734286442e-02 4.057092571887160881e-02 4.294672604729959930e-02 4.415105164291655004e-02 4.415105164291655004e-02 4.294672604729959930e-02 4.057092571887161575e-02 3.708845629734287136e-02 3.259431047041242563e-02 2.721107682087513593e-02 2.108559592964758325e-02 1.438495494750554118e-02 7.291929893174388562e-03 5.425475155685105474e-18
0.000000000000000000e+00 4.337574753427673839e-03 8.556831774795324239e-03 1.254268073134221992e-02 1.618639805386652350e-02 1.938859263227192195e-02 2.206191694595778519e-02 2.413344967648313466e-02 2.554668481104204261e-02 2.626307297919278430e-02 2.626307297919278430e-02 2.554668481104204261e-02 2.413344967648313813e-02 2.206191694595778865e-02 1.938859263227192542e-02 1.618639805386652350e-02 1.254268073134222339e-02 8.556831774795339851e-03 4.337574753427677308e-03 3.227321766035800327e-18
0.000000000000000000e+00 2.580188649260674923e-03 5.089996478219337671e-03 7.460962471882710660e-03 9.628412858590718743e-03 1.153322524191543498e-02 1.312344130551505381e-02 1.435568410055847177e-02 1.519634125581413066e-02 1.562248183551630774e-02 1.562248183551630774e-02 1.519634125581413066e-02 1.435568410055847351e-02 1.312344130551505554e-02 1.153322524191543672e-02 9.628412858590720477e-03 7.460962471882713262e-03 5.089996478219347212e-03 2.580188649260677092e-03 1.919759188393739899e-18
0.000000000000000000e+00 1.534814693513416196e-03 3.027763643151085496e-03 4.438123093394343889e-03 5.727422114973249913e-03 6.860491991530838149e-03 7.806425530527342192e-03 8.539420130883637952e-03 9.039481610676320528e-03 9.292969596299632817e-03 9.292969596299632817e-03 9.039481610676320528e-03 8.539420130883639687e-03 7.806425530527343927e-03 6.860491991530839016e-03 5.727422114973250780e-03 4.438123093394345624e-03 3.027763643151091134e-03 1.534814693513417497e-03 1.141960922585401943e-18
0.000000000000000000e+00 9.129782599809780968e-04 1.801052852986373843e-03 2.639999419156685134e-03 3.406933683137262046e-03 4.080935677455129265e-03 4.643620384697364455e-03 5.079639232859957387e-03 5.377098764381340636e-03 5.527885058660736602e-03 5.527885058660736602e-03 5.377098764381340636e-03 5.079639232859958255e-03 4.643620384697365322e-03 4.080935677455130133e-03 3.406933683137262480e-03 2.639999419156686001e-03 1.801052852986377312e-03 9.129782599809788558e-04 6.792907967812461724e-19
0.000000000000000000e+00 5.430813939432797442e-04 1.071348943167321332e-03 1.570392886020016785e-03 2.026600604650811988e-03 2.427527941740223200e-03 2.762238644672017351e-03 3.021602677995897240e-03 3.198545266994362070e-03 3.288239879094437962e-03 3.288239879094437962e-03 3.198545266994362070e-03 3.021602677995897674e-03 2.762238644672017785e-03 2.427527941740223634e-03 2.026600604650812421e-03 1.570392886020017436e-03 1.071348943167323283e-03 5.430813939432801779e-04 4.040733596619119583e-19
0.000000000000000000e+00 3.230497519771406072e-04 6.372875488481970869e-04 9.341418026713270688e-04 1.205515103243520606e-03 1.444005094342565602e-03 1.643106390708287852e-03 1.797388027994173409e-03 1.902641605317275742e-03 1.955996079463818982e-03 1.955996079463818982e-03 1.902641605317275742e-03 1.797388027994173626e-03 1.643106390708288069e-03 1.444005094342565819e-03 1.205515103243520823e-03 9.341418026713273941e-04 6.372875488481982795e-04 3.230497519771408782e-04 2.403613897937809969e-19
0.000000000000000000e+00 1.921648272549576091e-04 3.790878989587179149e-04 5.556704409872835525e-04 7.170957419104470902e-04 8.589605403233779206e-04 9.773951343393005777e-04 1.069168936969404739e-03 1.131778598114389998e-03 1.163516289429426462e-03 1.163516289429426462e-03 1.131778598114389998e-03 1.069168936969404956e-03 9.773951343393005777e-04 8.589605403233781375e-04 7.170957419104471986e-04 5.556704409872836609e-04 3.790878989587186739e-04 1.921648272549577718e-04 1.429779922931247144e-19
0.000000000000000000e+00 1.143084636589992737e-04 2.254988904093064824e-04 3.305382952609831559e-04 4.265614770669679586e-04 5.109491737413468472e-04 5.813995089011498663e-04 6.359907810535347971e-04 6.732338826030102863e-04 6.921129188248263805e-04 6.921129188248263805e-04 6.732338826030102863e-04 6.359907810535349055e-04 5.813995089011498663e-04 5.109491737413468472e-04 4.265614770669680670e-04 3.305382952609832643e-04 2.254988904093069161e-04 1.143084636589993821e-04 8.504987551333321017e-20
0.000000000000000000e+00 6.799592334732863850e-05 1.341370951578853624e-04 1.966193566818449576e-04 2.537383547039333688e-04 3.039360318562230479e-04 3.458431263615776977e-04 3.783165219255332974e-04 4.004704289689295978e-04 4.117005466585481593e-04 4.117005466585481593e-04 4.004704289689295978e-04 3.783165219255333516e-04 3.458431263615777520e-04 3.039360318562231021e-04 2.537383547039334230e-04 1.966193566818450118e-04 1.341370951578856063e-04 6.799592334732870627e-05 5.059157153363735502e-20
0.000000000000000000e+00 4.044709765016428878e-05 7.979090391414647482e-05 1.169582223187135152e-04 1.509352253057567894e-04 1.807951088052261470e-04 2.057233730341629621e-04 2.250400399275367545e-04 2.382182011672886936e-04 2.448983908677008483e-04 2.448983908677008483e-04 2.382182011672886936e-04 2.250400399275367816e-04 2.057233730341629892e-04 1.807951088052261741e-04 1.509352253057568165e-04 1.169582223187135559e-04 7.979090391414662389e-05 4.044709765016432266e-05 3.009418996553261174e-20
0.000000000000000000e+00 2.405979105490297647e-05 4.746329372902251210e-05 6.957212147778684525e-05 8.978320311362222546e-05 1.075452330158607040e-04 1.223737093109254813e-04 1.338641498204399399e-04 1.417031252806474234e-04 1.456768088756773410e-04 1.456768088756773410e-04 1.417031252806474234e-04 1.338641498204399670e-04 1.223737093109255084e-04 1.075452330158607175e-04 8.978320311362223902e-05 6.957212147778687236e-05 4.746329372902260697e-05 2.405979105490299680e-05 1.790140614784831865e-20
0.000000000000000000e+00 1.431186856996244283e-05 2.823334667359321927e-05 4.138469267881020677e-05 5.340717214959146247e-05 6.397284318623900040e-05 7.279350182552188451e-05 7.962854349350141484e-05 8.429152607109897867e-05 8.665525554908607277e-05 8.665525554908607277e-05 8.429152607109897867e-05 7.962854349350142840e-05 7.279350182552188451e-05 6.397284318623901395e-05 5.340717214959146925e-05 4.138469267881022032e-05 2.823334667359327348e-05 1.431186856996245468e-05 1.064857842783772077e-20
0.000000000000000000e+00 8.513356641230599041e-06 1.679449110595287323e-05 2.461751563327560806e-05 3.176903850719638064e-05 3.805398482634338294e-05 4.330091763876257925e-05 4.736671429506419143e-05 5.014047046120518095e-05 5.154652529961589605e-05 5.154652529961589605e-05 5.014047046120518095e-05 4.736671429506419820e-05 4.330091763876258603e-05 3.805398482634338294e-05 3.176903850719638064e-05 2.461751563327561822e-05 1.679449110595290372e-05 8.513356641230607511e-06 6.334263442620131606e-21
