0.000000000000000000e+00 1.645945902807338934e-01 3.246994692046834552e-01 4.759473930370735073e-01 6.142127126896678169e-01 7.357239106731315870e-01 8.371664782625285461e-01 9.157733266550573958e-01 9.694002659393303745e-01 9.965844930066698470e-01 9.965844930066698470e-01 9.694002659393303745e-01 9.157733266550575069e-01 8.371664782625286572e-01 7.357239106731316980e-01 6.142127126896679279e-01 4.759473930370736738e-01 3.246994692046840658e-01 1.645945902807340322e-01 1.224646799147353207e-16
0.000000000000000000e+00 9.793789493873383822e-02 1.932021905392811156e-01 2.831804331791923923e-01 3.654228567083444568e-01 4.376940800397837172e-01 4.980265242146910687e-01 5.447737042787850203e-01 5.766585321266786135e-01 5.928114523585561457e-01 5.927950787311314640e-01 5.766145399751159140e-01 5.447146317889655087e-01 4.979655440203624162e-01 4.376386418495944453e-01 3.653731527925292433e-01 2.831341542668974753e-01 1.931621371413545507e-01 9.791455215797159606e-02 1.160191704455387405e-16
0.000000000000000000e+00 5.822956290264168222e-02 1.148672710033415145e-01 1.683862727242067536e-01 2.173266901350212055e-01 2.603436064651146742e-01 2.962520472182111342e-01 3.240657662204987077e-01 3.430268203103133962e-01 3.526248027300661336e-01 3.526066601515870369e-01 3.429791790948499841e-01 3.240061869693828811e-01 2.962015526798672527e-01 2.603177929203117635e-01 2.173291147157995207e-01 1.684074402519870617e-01 1.148903905103737799e-01 5.824103756482013061e-02 1.095736609763421356e-16
0.000000000000000000e+00 3.462542552571069854e-02 6.832859373616018139e-02 1.001790134767883700e-01 1.292951138233072728e-01 1.548768102092829557e-01 1.762266240029436437e-01 1.927658256021338445e-01 2.040479786910848192e-01 2.097696185538054925e-01 2.097770965882875815e-01 2.040693285190535722e-01 1.927971894479364456e-01 1.762606220729794337e-01 1.549038470099133868e-01 1.293077581189065461e-01 1.001773585418703760e-01 6.832159331683335113e-02 3.462348948241529556e-02 1.031281515071455306e-16
0.000000000000000000e+00 2.062628143616425380e-02 4.068825938921463714e-02 5.963604159498181456e-02 7.695582018066210450e-02 9.218070877860407020e-02 1.048981527855064044e-01 1.147599917827140104e-01 1.214943999125241980e-01 1.249162025218354399e-01 1.249326606674584506e-01 1.215441374103456429e-01 1.148413167703815629e-01 1.050015197370736120e-01 9.228583721398664341e-02 7.703686505832835207e-02 5.967471352228015391e-02 4.068745153155611805e-02 2.061170634005801694e-02 9.668264203794893806e-17
0.000000000000000000e+00 1.224977608518394712e-02 2.416551721428472632e-02 3.542817885473614758e-02 4.573226788034800983e-02 5.479559069877520949e-02 6.236646694447445238e-02 6.823255779263281973e-02 7.223021760335879282e-02 7.425151599826940174e-02 7.424676840616428741e-02 7.222249973439287540e-02 6.823687979268644455e-02 6.239552413213467208e-02 5.484969905847691951e-02 4.579694699087666354e-02 3.548195071241888598e-02 2.419385121393341498e-02 1.225547984314410976e-02 9.023713256875234547e-17
0.000000000000000000e+00 7.255324009889194126e-03 1.432427946265107943e-02 2.100982007086488190e-02 2.712298715939587268e-02 3.249252443664979451e-02 3.696861990572286594e-02 4.042678870283411552e-02 4.277266883375097084e-02 4.394604999260864897e-02 4.392210658325568229e-02 4.270918468655315881e-02 4.034453861320597134e-02 3.689062071241921981e-02 3.243403313904980045e-02 2.708735134058759542e-02 2.099178573044541141e-02 1.431708786470589634e-02 7.254640345633667220e-03 8.379162309955575289e-17
0.000000000000000000e+00 4.312252894462492714e-03 8.512730634404774843e-03 1.247840607900263521e-02 1.609575729492723761e-02 1.926608844184696245e-02 2.190464034478423194e-02 2.394046547406014636e-02 2.531864858481402969e-02 2.600359374929206435e-02 2.598098657274849899e-02 2.525687625073302911e-02 2.385442804474835476e-02 2.181063278274886219e-02 1.917533739442117691e-02 1.601330300722009214e-02 1.240754931949922257e-02 8.460260347841530582e-03 4.286897290487798329e-03 7.734611363035914798e-17
0.000000000000000000e+00 2.585218231751160167e-03 5.098557504115974748e-03 7.466000802530126101e-03 9.622064228150151166e-03 1.151202813314933238e-02 1.308874074922039554e-02 1.431063395761456025e-02 1.514288306418054564e-02 1.556087896025504236e-02 1.555343842592027404e-02 1.512339278358776351e-02 1.428525292734184049e-02 1.306188678567504757e-02 1.148290075758695572e-02 9.586211946424338937e-03 7.421793956893296684e-03 5.053970188683032383e-03 2.557115773531279390e-03 7.090060416116255540e-17
0.000000000000000000e+00 1.567148520031549919e-03 3.091900490852811378e-03 4.528360868526010163e-03 5.838159949792087744e-03 6.990915937937880464e-03 7.960043841794273156e-03 8.719758359424012450e-03 9.245506227712141367e-03 9.517607318725307408e-03 9.525536540827994614e-03 9.269805043014112123e-03 8.760323419876425710e-03 8.012781662194323751e-03 7.045960010616136859e-03 5.882223468531899702e-03 4.551192716386875947e-03 3.093681044328000507e-03 1.560523673881888951e-03 6.445509469196596281e-17
0.000000000000000000e+00 9.573545970436719843e-04 1.893093193543859964e-03 2.776081522187362483e-03 3.583152992136628967e-03 4.297742456306763437e-03 4.905166002245553436e-03 5.389015566007460123e-03 5.730956420838095866e-03 5.914334217866856758e-03 5.929170201692868236e-03 5.774984271362693100e-03 5.459656303004212230e-03 4.995513823291664046e-03 4.395646218958326745e-03 3.673155767694558094e-03 2.844148708922078495e-03 1.932589903768960893e-03 9.723849736999606863e-04 5.800958522276937023e-17
0.000000000000000000e+00 5.779085732877387027e-04 1.144077031795698307e-03 1.677137010025975261e-03 2.164049004592272230e-03 2.597021123930454145e-03 2.968997956663832483e-03 3.270040759415338005e-03 3.486644268159366788e-03 3.605075232169241417e-03 3.616648601677263652e-03 3.521060094124728312e-03 3.325507260515059293e-03 3.040606981051852120e-03 2.676179032206182917e-03 2.239698020364944142e-03 1.738421716375171400e-03 1.184002274626172468e-03 5.961807257174323027e-04 5.156407575357276532e-17
0.000000000000000000e+00 3.292697486423634690e-04 6.485087345737827746e-04 9.451110688818986638e-04 1.213662066708559584e-03 1.452006394196236894e-03 1.658014691947762298e-03 1.826592519753200694e-03 1.948597997569856410e-03 2.013609019042739146e-03 2.015038956427184225e-03 1.953561330456599077e-03 1.836220833280000075e-03 1.672241520593142905e-03 1.468825984249633176e-03 1.229678429551822605e-03 9.568085871871079284e-04 6.542288403460494450e-04 3.309989340047059247e-04 4.511856628437617274e-17
0.000000000000000000e+00 1.636882897119371072e-04 3.163230984144782543e-04 4.531268552895040269e-04 5.737971412956566208e-04 6.788991694047785685e-04 7.689074363337877749e-04 8.422769828742016074e-04 8.938580682844032843e-04 9.167257571322529053e-04 9.067792255209039531e-04 8.659983965172424192e-04 8.013419314924496994e-04 7.203691854545390960e-04 6.273592711314446291e-04 5.227602441513767850e-04 4.057352150541315705e-04 2.772635446981475127e-04 1.410140517128302684e-04 3.867305681517958632e-17
0.000000000000000000e+00 6.302224693351815565e-05 1.154048091294712641e-04 1.581056733747920884e-04 1.929255750275082892e-04 2.202350810065201170e-04 2.409777540982593891e-04 2.559480084091958485e-04 2.634140169849308322e-04 2.596154034981146275e-04 2.426466356929557477e-04 2.155647836483143287e-04 1.850838031770274394e-04 1.568540108966565150e-04 1.317871769154488337e-04 1.068164117059844376e-04 7.924990835458944893e-05 5.043798912481023411e-05 2.443269357442490186e-05 3.222754734598298141e-17
0.000000000000000000e+00 1.966961323063287637e-05 3.187159978317033460e-05 4.066569723149005000e-05 4.703056481061840266e-05 4.863364544463455452e-05 4.517427829547893126e-05 3.877405922517174197e-05 3.037822175444571116e-05 1.851874169309097873e-05 2.455439949339277561e-06 -1.450432013755387217e-05 -2.615752708923224645e-05 -2.855035364271452103e-05 -2.396173024918346606e-05 -1.920075865208259458e-05 -1.896461794612114282e-05 -2.019535455312360117e-05 -1.426718196417819939e-05 2.578203787678638266e-17
0.000000000000000000e+00 2.295595757837928796e-05 4.327008480659727541e-05 6.603631070668802838e-05 8.934255657158662878e-05 1.065769693390089534e-04 1.152732275240264670e-04 1.183500650343560778e-04 1.187579901299196106e-04 1.160971159474277759e-04 1.091375911192737913e-04 1.000498996872600799e-04 9.419256621351346226e-05 9.471114498446620011e-05 9.749833602332169669e-05 9.267845554633558081e-05 7.302277886811481267e-05 4.250681634156150412e-05 1.540048153069947801e-05 1.933652840758979316e-17
0.000000000000000000e+00 5.191315436432752950e-05 1.051717812087238357e-04 1.652677012026482206e-04 2.268011308058509590e-04 2.787035255747277729e-04 3.165872308976136473e-04 3.444431757425592266e-04 3.669312454773754339e-04 3.834403484099108139e-04 3.902167226277342138e-04 3.864806334883535976e-04 3.763660124541101659e-04 3.638106457836826069e-04 3.457145508739822848e-04 3.114251579493659827e-04 2.512817656982052616e-04 1.679759455245968813e-04 7.892959095499516020e-05 1.289101893839320520e-17
0.000000000000000000e+00 7.338323293296783456e-05 1.482047757106821906e-04 2.316584269155194664e-04 3.161656003145274507e-04 3.877861406392721366e-04 4.419129941334379308e-04 4.849425358272943520e-04 5.235955392443453205e-04 5.560365977068659760e-04 5.739052106996794800e-04 5.714676963897158402e-04 5.512614251518971331e-04 5.202461101545888256e-04 4.806394927672000272e-04 4.253051259449705523e-04 3.437927839080347214e-04 2.350572307937594252e-04 1.142381160562176007e-04 6.445509469196602598e-18
0.000000000000000000e+00 4.346934887282833141e-05 8.140490546757385307e-05 1.262516885391671640e-04 1.717725843898930524e-04 2.047328026231897032e-04 2.236067810338003244e-04 2.397015378919986704e-04 2.629754974937532062e-04 2.899192180852785418e-04 3.058127835125738097e-04 2.981019136682996526e-04 2.674859603916104000e-04 2.266732976649826856e-04 1.887537010245567636e-04 1.564159981378134760e-04 1.222010274611475640e-04 7.983399853925804001e-05 3.511887630456145130e-05 0.000000000000000000e+00
